mp_bootleg
weaponcircle|(669.6409, -1593.303, -60.875)|0,0,0|(0, 0, 50)|0,0,0|*-RS,stinger_mp|death|true|yaw|3
+|(172.9429, -1284.781, -72.04571)
+|(-366.633, -139.0931, -67.87521)
+|(-1252.226, -369.9523, 78.125)
+|(-1706.036, 439.5609, -53.20093)
+|(-1498.269, 1500.184, -51.875)
+|(-533.0374, 1420.109, -104.2381)
+|(130.0293, -18.07385, -99.875)
mp_plaza2
weaponcircle|(-347.3584, -292.2596, 640.125)|0,0,0|(0, 0, 50)|0,0,0|*-RS,stinger_mp|death|true|yaw|3
+|(-1112.349, 318.5454, 800.125)
+|(-1521.382, -251.9443, 800.125)
+|(-276.1257, 388.5497, 801.125)
+|(-287.2595, -1323.281, 608.125)
+|(858.2001, -263.1956, 648.125)
+|(-447.0641, 1085.067, 616.125)
+|(-318.8277, 2074.418, 780.125)
+|(-1314.421, 851.936, 800.125)
+|(-223.8871, 623.3363, 800.125)
mp_overwatch
weaponcircle|(-1435.36, 268.1784, 12866.13)|0,0,0|(0, 0, 50)|0,0,0|*-RS,stinger_mp|death|true|yaw|3
+|(-760.255, 1683.123, 12856.13)
+|(418.9654, 1947.548, 12864.13)
+|(996.6194, 1271.179, 12614.13)
+|(-139.3918, 2216.958, 12672.13)
+|(1539.819, 957.9189, 12670.13)
+|(1245.016, -548.6096, 12682.13)
+|(-7.062513, -1457.749, 12672.13)
+|(279.1239, -1124.941, 12864.13)
+|(-89.96917, -659.4785, 12864.13)
+|(-228.563, 514.3217, 12864.13)
+|(-71.85563, 1142.498, 12865.13)
+|(485.0288, 1118.126, 12672.13)
+|(-9.491842, 19.90977, 12671.13)
+|(-1107.294, -1287.116, 12670.13)