mp_carbon
explodable|(-3625, -2983, 3618)|(0.1993168, 55.28345, 0.4031674)
+|(-3583.75, -2983, 3618)|(0.3379262, 16.34096, 1.635818)
+|(-3542.5, -2983, 3618)|(1.657578, 291.8461, 0.4925164)
+|(-3501.25, -2983, 3618)|(1.287505, 356.3612, 1.069337)
+|(-3620, -3020, 3618)|(1.126352, 99.64315, 1.218622)
+|(-3587.5, -3020, 3618)|(1.793044, 265.1896, 1.324176)
+|(-3555, -3020, 3618)|(1.462277, 342.2512, 0.375566)
+|(-3522.5, -3020, 3618)|(1.343513, 326.8491, 0.2931503)
+|(-1889, -3755, 3787)|(0.8766342, 139.013, 0.06305589)
+|(-1899.5, -3792.5, 3787)|(0.1555334, 55.29994, 0.07193265)
+|(-843, -3922, 3922)|(0.7033516, 314.6568, 0.08522433)
+|(-1198, -3303, 3922)|(1.237423, 317.3473, 1.739792)
vehicle_pickup_destructible_mp|(-1190, -4200, 3776)|(3, 150, -2)
vehicle_pickup_destructible_mp|(-450, -3680, 3898)|(-1, 150, 1)
collision|(-1255, -4150, 3806)|(0, 57, 0)|false
+|(-1218.4, -4171.6, 3806)|(0, 57, 0)
+|(-1181.8, -4193.2, 3806)|(0, 57, 0)
+|(-1145.2, -4214.8, 3806)|(0, 57, 0)
+|(-1108.6, -4236.4, 3806)|(0, 57, 0)
+|(-1265, -4170, 3806)|(0, 57, 0)
+|(-1228.4, -4191.6, 3806)|(0, 57, 0)
+|(-1191.8, -4213.2, 3806)|(0, 57, 0)
+|(-1155.2, -4234.8, 3806)|(0, 57, 0)
+|(-1118.6, -4256.4, 3806)|(0, 57, 0)
+|(-1197, -4195, 3836)|(0, 57, 0)
+|(-515, -3630, 3928)|(0, 57, 0)
+|(-478.4, -3651.6, 3928)|(0, 57, 0)
+|(-441.8, -3673.2, 3928)|(0, 57, 0)
+|(-405.2, -3694.8, 3928)|(0, 57, 0)
+|(-368.6, -3716.4, 3928)|(0, 57, 0)
+|(-525, -3650, 3928)|(0, 57, 0)
+|(-488.4, -3671.6, 3928)|(0, 57, 0)
+|(-451.8, -3693.2, 3928)|(0, 57, 0)
+|(-415.2, -3714.8, 3928)|(0, 57, 0)
+|(-378.6, -3736.4, 3928)|(0, 57, 0)
+|(-457, -3675, 3958)|(0, 57, 0)
mp_dome
explodable|(346, 1063, -314)|(3.667827, 35.50915, 2.952069)
+|(350.25, 1107.25, -312.5)|(3.333819, 289.3474, 2.735241)
+|(354.5, 1151.5, -311)|(1.270982, 359.2306, 1.712248)
+|(358.75, 1195.75, -309.5)|(0.4652012, 27.98092, 3.982764)
+|(-198, 803, -323)|(0.2368298, 114.899, 0.01636059)
+|(958, 2470, -254)|(0.2368298, 114.899, 0.01636059)
vehicle_hummer_destructible|(-627, 103, -415)|(1, -40, 0)
collision|(-692, 168, -385)|(0, 50, 0)|false
+|(-659.8, 143.4, -385)|(0, 50, 0)
+|(-627.6, 118.8, -385)|(0, 50, 0)
+|(-595.4, 94.2, -385)|(0, 50, 0)
+|(-563.2, 69.6, -385)|(0, 50, 0)
+|(-702, 148, -385)|(0, 50, 0)
+|(-669.8, 123.4, -385)|(0, 50, 0)
+|(-637.6, 98.8, -385)|(0, 50, 0)
+|(-605.4, 74.2, -385)|(0, 50, 0)
+|(-573.2, 49.6, -385)|(0, 50, 0)
mp_hardhat
explodable|(488, -200, 288)|(2.625651, 269.7057, 1.876626)
+|(489.25, -166.25, 288)|(3.544441, 130.6044, 1.003101)
+|(490.5, -132.5, 288)|(0.3958504, 287.1568, 2.893288)
+|(491.75, -98.75, 288)|(1.123107, 79.24537, 1.021011)
+|(-164, -240, 288)|(1.409092, 6.633718, 3.124399)
+|(-165, -206.75, 288)|(1.616387, 52.76078, 1.537899)
+|(-166, -173.5, 288)|(2.619159, 171.1469, 0.3281185)
+|(-167, -140.25, 288)|(0.6956658, 301.3133, 1.695419)
+|(1629, 151, 185)|(1.978095, 86.0236, 0.1886901)
+|(1380, 698, 184)|(2.547098, 165.4135, 1.252981)
vehicle_jeep_destructible|(790, -280, 282)|(0, 99, 5)
collision|(840, -380, 312)|(0, 40, 0)|false
+|(836, -348, 312)|(0, 40, 0)
+|(832, -316, 312)|(0, 40, 0)
+|(828, -284, 312)|(0, 40, 0)
+|(824, -252, 312)|(0, 40, 0)
mp_roughneck
explodable|(-1101, 242, -8)|(0.5169229, 56.77604, 0.3476237)
+|(1536, -261, -180)|(0.8142418, 267.1573, 0.6143866)
+|(-1563, -1030, -172)|(0.3676127, 228.5894, 0.5028328)
+|(-2330, 2152, 514)|(0.01186561, 2.256866, 0.4602104)
+|(-2257, 2227, 513)|(0.7486064, 93.64522, 0.1191871)
+|(1592, 422, -172)|(0.02115838, 306.4294, 0.4327517)
+|(1570, 445, -172)|(0.7990668, 119.0994, 0.5887954)
+|(1443, 668, -172)|(0.8077062, 306.6407, 0.04838851)